-0.025, -0.03, -0.0411492, -0.0247844
-0.025, -0.03, -0.0415892, -0.0264227
-0.025, -0.03, -0.0418635, -0.0280967
-0.025, -0.03, -0.0419693, -0.0297898
-0.025, -0.03, -0.0419055, -0.0314849
-0.025, -0.03, -0.0416728, -0.0331652
-0.02, -0.03, -0.0365892, -0.0264227
-0.02, -0.03, -0.0368635, -0.0280967
-0.02, -0.03, -0.0369693, -0.0297898
-0.02, -0.03, -0.0369055, -0.0314849
-0.02, -0.03, -0.0366728, -0.0331652
-0.02, -0.03, -0.0362735, -0.0348139
-0.02, -0.03, -0.0357116, -0.0364145
-0.015, -0.03, -0.0318635, -0.0280967
-0.015, -0.03, -0.0319693, -0.0297898
-0.015, -0.03, -0.0319055, -0.0314849
-0.015, -0.03, -0.0316728, -0.0331652
-0.015, -0.03, -0.0312735, -0.0348139
-0.015, -0.03, -0.0307116, -0.0364145
-0.015, -0.03, -0.0299927, -0.037951
-0.015, -0.03, -0.029124, -0.039408
-0.01, -0.03, -0.0269693, -0.0297898
-0.01, -0.03, -0.0269055, -0.0314849
-0.01, -0.03, -0.0266728, -0.0331652
-0.01, -0.03, -0.0262735, -0.0348139
-0.01, -0.03, -0.0257116, -0.0364145
-0.01, -0.03, -0.0249927, -0.037951
-0.01, -0.03, -0.024124, -0.039408
-0.01, -0.03, -0.0231142, -0.0407711
-0.01, -0.03, -0.0219734, -0.0420265
-0.01, -0.03, -0.020713, -0.0431618
-0.005, -0.03, -0.0219693, -0.0297898
-0.005, -0.03, -0.0219055, -0.0314849
-0.005, -0.03, -0.0216728, -0.0331652
-0.005, -0.03, -0.0212735, -0.0348139
-0.005, -0.03, -0.0207116, -0.0364145
-0.005, -0.03, -0.0199927, -0.037951
-0.005, -0.03, -0.019124, -0.039408
-0.005, -0.03, -0.0181142, -0.0407711
-0.005, -0.03, -0.0169734, -0.0420265
-0.005, -0.03, -0.015713, -0.0431618
-0.005, -0.03, -0.0143454, -0.0441655
-0.005, -0.03, -0.0128846, -0.0450278
5.20417e-18, -0.03, -0.0169693, -0.0297898
5.20417e-18, -0.03, -0.0169055, -0.0314849
5.20417e-18, -0.03, -0.0166728, -0.0331652
5.20417e-18, -0.03, -0.0162735, -0.0348139
5.20417e-18, -0.03, -0.0157116, -0.0364145
5.20417e-18, -0.03, -0.0149927, -0.037951
5.20417e-18, -0.03, -0.014124, -0.039408
5.20417e-18, -0.03, -0.0131142, -0.0407711
5.20417e-18, -0.03, -0.0119734, -0.0420265
5.20417e-18, -0.03, -0.010713, -0.0431618
5.20417e-18, -0.03, -0.00934544, -0.0441655
5.20417e-18, -0.03, -0.00788456, -0.0450278
5.20417e-18, -0.03, -0.0063449, -0.0457398
5.20417e-18, -0.03, -0.00474184, -0.0462946
0.005, -0.03, -0.0119693, -0.0297898
0.005, -0.03, -0.0119055, -0.0314849
0.005, -0.03, -0.0116728, -0.0331652
0.005, -0.03, -0.0112735, -0.0348139
0.005, -0.03, -0.0107116, -0.0364145
0.005, -0.03, -0.00999272, -0.037951
0.005, -0.03, -0.00912405, -0.039408
0.005, -0.03, -0.00811425, -0.0407711
0.005, -0.03, -0.00697342, -0.0420265
0.005, -0.03, -0.00571295, -0.0431618
0.005, -0.03, -0.00434544, -0.0441655
0.005, -0.03, -0.00288456, -0.0450278
0.005, -0.03, -0.0013449, -0.0457398
0.005, -0.03, 0.000258162, -0.0462946
0.005, -0.03, 0.0019086, -0.0466866
0.005, -0.03, 0.00358993, -0.0469119
0.01, -0.03, 0.01, -0.0469706
0.01, -0.03, -0.00696926, -0.0297898
0.01, -0.03, -0.00690547, -0.0314849
0.01, -0.03, -0.00667277, -0.0331652
0.01, -0.03, -0.00627348, -0.0348139
0.01, -0.03, -0.0057116, -0.0364145
0.01, -0.03, -0.00499272, -0.037951
0.01, -0.03, -0.00412405, -0.039408
0.01, -0.03, -0.00311425, -0.0407711
0.01, -0.03, -0.00197342, -0.0420265
0.01, -0.03, -0.00071295, -0.0431618
0.01, -0.03, 0.000654556, -0.0441655
0.01, -0.03, 0.00211544, -0.0450278
0.01, -0.03, 0.0036551, -0.0457398
0.01, -0.03, 0.00525816, -0.0462946
0.01, -0.03, 0.0069086, -0.0466866
0.01, -0.03, 0.00858993, -0.0469119
0.015, -0.03, 0.015, -0.0469706
0.015, -0.03, 0.0166942, -0.0468858
0.015, -0.03, 0.0183715, -0.0466323
0.015, -0.03, -0.00196926, -0.0297898
0.015, -0.03, -0.00190547, -0.0314849
0.015, -0.03, -0.00167277, -0.0331652
0.015, -0.03, -0.00127348, -0.0348139
0.015, -0.03, -0.000711596, -0.0364145
0.015, -0.03, 7.27733e-06, -0.037951
0.015, -0.03, 0.000875953, -0.039408
0.015, -0.03, 0.00188575, -0.0407711
0.015, -0.03, 0.00302658, -0.0420265
0.015, -0.03, 0.00428705, -0.0431618
0.015, -0.03, 0.00565456, -0.0441655
0.015, -0.03, 0.00711544, -0.0450278
0.015, -0.03, 0.0086551, -0.0457398
0.015, -0.03, 0.0102582, -0.0462946
0.015, -0.03, 0.0119086, -0.0466866
0.015, -0.03, 0.0135899, -0.0469119
0.02, -0.03, 0.02, -0.0469706
0.02, -0.03, 0.0216942, -0.0468858
0.02, -0.03, 0.0233715, -0.0466323
0.02, -0.03, 0.0250151, -0.0462126
0.02, -0.03, 0.00303074, -0.0297898
0.02, -0.03, 0.00309453, -0.0314849
0.02, -0.03, 0.00332723, -0.0331652
0.02, -0.03, 0.00372652, -0.0348139
0.02, -0.03, 0.0042884, -0.0364145
0.02, -0.03, 0.00500728, -0.037951
0.02, -0.03, 0.00587595, -0.039408
0.02, -0.03, 0.00688575, -0.0407711
0.02, -0.03, 0.00802658, -0.0420265
0.02, -0.03, 0.00928705, -0.0431618
0.02, -0.03, 0.0106546, -0.0441655
0.02, -0.03, 0.0121154, -0.0450278
0.02, -0.03, 0.0136551, -0.0457398
0.02, -0.03, 0.0152582, -0.0462946
0.02, -0.03, 0.0169086, -0.0466866
0.02, -0.03, 0.0185899, -0.0469119
0.025, -0.03, 0.025, -0.0469706
0.025, -0.03, 0.0266942, -0.0468858
0.025, -0.03, 0.0283715, -0.0466323
0.025, -0.03, 0.0300151, -0.0462126
0.025, -0.03, 0.0316086, -0.0456309
0.025, -0.03, 0.00809453, -0.0314849
0.025, -0.03, 0.00832723, -0.0331652
0.025, -0.03, 0.00872652, -0.0348139
0.025, -0.03, 0.0092884, -0.0364145
0.025, -0.03, 0.0100073, -0.037951
0.025, -0.03, 0.010876, -0.039408
0.025, -0.03, 0.0118858, -0.0407711
0.025, -0.03, 0.0130266, -0.0420265
0.025, -0.03, 0.014287, -0.0431618
0.025, -0.03, 0.0156546, -0.0441655
0.025, -0.03, 0.0171154, -0.0450278
0.025, -0.03, 0.0186551, -0.0457398
0.025, -0.03, 0.0202582, -0.0462946
0.025, -0.03, 0.0219086, -0.0466866
0.025, -0.03, 0.0235899, -0.0469119
-0.005, -0.025, -0.0212735, -0.0298139
-0.005, -0.025, -0.0207116, -0.0314145
-0.005, -0.025, -0.0199927, -0.032951
-0.005, -0.025, -0.019124, -0.034408
-0.005, -0.025, -0.0181142, -0.0357711
-0.005, -0.025, -0.0169734, -0.0370265
-0.005, -0.025, -0.015713, -0.0381618
-0.005, -0.025, -0.0143454, -0.0391655
5.20417e-18, -0.025, -0.0166728, -0.0281652
5.20417e-18, -0.025, -0.0162735, -0.0298139
5.20417e-18, -0.025, -0.0157116, -0.0314145
5.20417e-18, -0.025, -0.0149927, -0.032951
5.20417e-18, -0.025, -0.014124, -0.034408
5.20417e-18, -0.025, -0.0131142, -0.0357711
5.20417e-18, -0.025, -0.0119734, -0.0370265
5.20417e-18, -0.025, -0.010713, -0.0381618
5.20417e-18, -0.025, -0.00934544, -0.0391655
5.20417e-18, -0.025, -0.00788456, -0.0400278
5.20417e-18, -0.025, -0.0063449, -0.0407398
5.20417e-18, -0.025, -0.00474184, -0.0412946
0.005, -0.025, -0.0116728, -0.0281652
0.005, -0.025, -0.0112735, -0.0298139
0.005, -0.025, -0.0107116, -0.0314145
0.005, -0.025, -0.00999272, -0.032951
0.005, -0.025, -0.00912405, -0.034408
0.005, -0.025, -0.00811425, -0.0357711
0.005, -0.025, -0.00697342, -0.0370265
0.005, -0.025, -0.00571295, -0.0381618
0.005, -0.025, -0.00434544, -0.0391655
0.005, -0.025, -0.00288456, -0.0400278
0.005, -0.025, -0.0013449, -0.0407398
0.005, -0.025, 0.000258162, -0.0412946
0.005, -0.025, 0.0019086, -0.0416866
0.005, -0.025, 0.00358993, -0.0419119
0.01, -0.025, 0.01, -0.0419706
0.01, -0.025, 0.0116942, -0.0418858
0.01, -0.025, -0.00667277, -0.0281652
0.01, -0.025, -0.00627348, -0.0298139
0.01, -0.025, -0.0057116, -0.0314145
0.01, -0.025, -0.00499272, -0.032951
0.01, -0.025, -0.00412405, -0.034408
0.01, -0.025, -0.00311425, -0.0357711
0.01, -0.025, -0.00197342, -0.0370265
0.01, -0.025, -0.00071295, -0.0381618
0.01, -0.025, 0.000654556, -0.0391655
0.01, -0.025, 0.00211544, -0.0400278
0.01, -0.025, 0.0036551, -0.0407398
0.01, -0.025, 0.00525816, -0.0412946
0.01, -0.025, 0.0069086, -0.0416866
0.01, -0.025, 0.00858993, -0.0419119
0.015, -0.025, 0.015, -0.0419706
0.015, -0.025, 0.0166942, -0.0418858
0.015, -0.025, 0.0183715, -0.0416323
0.015, -0.025, -0.00167277, -0.0281652
0.015, -0.025, -0.00127348, -0.0298139
0.015, -0.025, -0.000711596, -0.0314145
0.015, -0.025, 7.27733e-06, -0.032951
0.015, -0.025, 0.000875953, -0.034408
0.015, -0.025, 0.00188575, -0.0357711
0.015, -0.025, 0.00302658, -0.0370265
0.015, -0.025, 0.00428705, -0.0381618
0.015, -0.025, 0.00565456, -0.0391655
0.015, -0.025, 0.00711544, -0.0400278
0.015, -0.025, 0.0086551, -0.0407398
0.015, -0.025, 0.0102582, -0.0412946
0.015, -0.025, 0.0119086, -0.0416866
0.015, -0.025, 0.0135899, -0.0419119
0.02, -0.025, 0.02, -0.0419706
0.02, -0.025, 0.0216942, -0.0418858
0.02, -0.025, 0.0233715, -0.0416323
0.02, -0.025, 0.0250151, -0.0412126
0.02, -0.025, 0.00332723, -0.0281652
0.02, -0.025, 0.00372652, -0.0298139
0.02, -0.025, 0.0042884, -0.0314145
0.02, -0.025, 0.00500728, -0.032951
0.02, -0.025, 0.00587595, -0.034408
0.02, -0.025, 0.00688575, -0.0357711
0.02, -0.025, 0.00802658, -0.0370265
0.02, -0.025, 0.00928705, -0.0381618
0.02, -0.025, 0.0106546, -0.0391655
0.02, -0.025, 0.0121154, -0.0400278
0.02, -0.025, 0.0136551, -0.0407398
0.02, -0.025, 0.0152582, -0.0412946
0.02, -0.025, 0.0169086, -0.0416866
0.02, -0.025, 0.0185899, -0.0419119
0.025, -0.025, 0.025, -0.0419706
0.025, -0.025, 0.0266942, -0.0418858
0.025, -0.025, 0.0283715, -0.0416323
0.025, -0.025, 0.0300151, -0.0412126
0.025, -0.025, 0.0316086, -0.0406309
0.025, -0.025, 0.00832723, -0.0281652
0.025, -0.025, 0.00872652, -0.0298139
0.025, -0.025, 0.0092884, -0.0314145
0.025, -0.025, 0.0100073, -0.032951
0.025, -0.025, 0.010876, -0.034408
0.025, -0.025, 0.0118858, -0.0357711
0.025, -0.025, 0.0130266, -0.0370265
0.025, -0.025, 0.014287, -0.0381618
0.025, -0.025, 0.0156546, -0.0391655
0.025, -0.025, 0.0171154, -0.0400278
0.025, -0.025, 0.0186551, -0.0407398
0.025, -0.025, 0.0202582, -0.0412946
0.025, -0.025, 0.0219086, -0.0416866
0.025, -0.025, 0.0235899, -0.0419119
5.20417e-18, -0.02, -0.0149927, -0.027951
5.20417e-18, -0.02, -0.014124, -0.029408
5.20417e-18, -0.02, -0.0131142, -0.0307711
5.20417e-18, -0.02, -0.0119734, -0.0320265
5.20417e-18, -0.02, -0.010713, -0.0331618
5.20417e-18, -0.02, -0.00934544, -0.0341655
5.20417e-18, -0.02, -0.00788456, -0.0350278
5.20417e-18, -0.02, -0.0063449, -0.0357398
0.005, -0.02, -0.0107116, -0.0264145
0.005, -0.02, -0.00999272, -0.027951
0.005, -0.02, -0.00912405, -0.029408
0.005, -0.02, -0.00811425, -0.0307711
0.005, -0.02, -0.00697342, -0.0320265
0.005, -0.02, -0.00571295, -0.0331618
0.005, -0.02, -0.00434544, -0.0341655
0.005, -0.02, -0.00288456, -0.0350278
0.005, -0.02, -0.0013449, -0.0357398
0.005, -0.02, 0.000258162, -0.0362946
0.005, -0.02, 0.0019086, -0.0366866
0.005, -0.02, 0.00358993, -0.0369119
0.01, -0.02, 0.01, -0.0369706
0.01, -0.02, 0.0116942, -0.0368858
0.01, -0.02, -0.0057116, -0.0264145
0.01, -0.02, -0.00499272, -0.027951
0.01, -0.02, -0.00412405, -0.029408
0.01, -0.02, -0.00311425, -0.0307711
0.01, -0.02, -0.00197342, -0.0320265
0.01, -0.02, -0.00071295, -0.0331618
0.01, -0.02, 0.000654556, -0.0341655
0.01, -0.02, 0.00211544, -0.0350278
0.01, -0.02, 0.0036551, -0.0357398
0.01, -0.02, 0.00525816, -0.0362946
0.01, -0.02, 0.0069086, -0.0366866
0.01, -0.02, 0.00858993, -0.0369119
0.015, -0.02, 0.015, -0.0369706
0.015, -0.02, 0.0166942, -0.0368858
0.015, -0.02, 0.0183715, -0.0366323
0.015, -0.02, 0.0200151, -0.0362126
0.015, -0.02, -0.00127348, -0.0248139
0.015, -0.02, -0.000711596, -0.0264145
0.015, -0.02, 7.27733e-06, -0.027951
0.015, -0.02, 0.000875953, -0.029408
0.015, -0.02, 0.00188575, -0.0307711
0.015, -0.02, 0.00302658, -0.0320265
0.015, -0.02, 0.00428705, -0.0331618
0.015, -0.02, 0.00565456, -0.0341655
0.015, -0.02, 0.00711544, -0.0350278
0.015, -0.02, 0.0086551, -0.0357398
0.015, -0.02, 0.0102582, -0.0362946
0.015, -0.02, 0.0119086, -0.0366866
0.015, -0.02, 0.0135899, -0.0369119
0.02, -0.02, 0.02, -0.0369706
0.02, -0.02, 0.0216942, -0.0368858
0.02, -0.02, 0.0233715, -0.0366323
0.02, -0.02, 0.0250151, -0.0362126
0.02, -0.02, 0.0266086, -0.0356309
0.02, -0.02, 0.00372652, -0.0248139
0.02, -0.02, 0.0042884, -0.0264145
0.02, -0.02, 0.00500728, -0.027951
0.02, -0.02, 0.00587595, -0.029408
0.02, -0.02, 0.00688575, -0.0307711
0.02, -0.02, 0.00802658, -0.0320265
0.02, -0.02, 0.00928705, -0.0331618
0.02, -0.02, 0.0106546, -0.0341655
0.02, -0.02, 0.0121154, -0.0350278
0.02, -0.02, 0.0136551, -0.0357398
0.02, -0.02, 0.0152582, -0.0362946
0.02, -0.02, 0.0169086, -0.0366866
0.02, -0.02, 0.0185899, -0.0369119
0.025, -0.02, 0.025, -0.0369706
0.025, -0.02, 0.0266942, -0.0368858
0.025, -0.02, 0.0283715, -0.0366323
0.025, -0.02, 0.0300151, -0.0362126
0.025, -0.02, 0.0316086, -0.0356309
0.025, -0.02, 0.0331361, -0.0348931
0.025, -0.02, 0.00872652, -0.0248139
0.025, -0.02, 0.0092884, -0.0264145
0.025, -0.02, 0.0100073, -0.027951
0.025, -0.02, 0.010876, -0.029408
0.025, -0.02, 0.0118858, -0.0307711
0.025, -0.02, 0.0130266, -0.0320265
0.025, -0.02, 0.014287, -0.0331618
0.025, -0.02, 0.0156546, -0.0341655
0.025, -0.02, 0.0171154, -0.0350278
0.025, -0.02, 0.0186551, -0.0357398
0.025, -0.02, 0.0202582, -0.0362946
0.025, -0.02, 0.0219086, -0.0366866
0.025, -0.02, 0.0235899, -0.0369119
0.005, -0.015, -0.00811425, -0.0257711
0.005, -0.015, -0.00697342, -0.0270265
0.005, -0.015, -0.00571295, -0.0281618
0.005, -0.015, -0.00434544, -0.0291655
0.005, -0.015, -0.00288456, -0.0300278
0.005, -0.015, -0.0013449, -0.0307398
0.005, -0.015, 0.000258162, -0.0312946
0.005, -0.015, 0.0019086, -0.0316866
0.005, -0.015, 0.00358993, -0.0319119
0.01, -0.015, 0.01, -0.0319706
0.01, -0.015, 0.0116942, -0.0318858
0.01, -0.015, 0.0133715, -0.0316323
0.01, -0.015, -0.00499272, -0.022951
0.01, -0.015, -0.00412405, -0.024408
0.01, -0.015, -0.00311425, -0.0257711
0.01, -0.015, -0.00197342, -0.0270265
0.01, -0.015, -0.00071295, -0.0281618
0.01, -0.015, 0.000654556, -0.0291655
0.01, -0.015, 0.00211544, -0.0300278
0.01, -0.015, 0.0036551, -0.0307398
0.01, -0.015, 0.00525816, -0.0312946
0.01, -0.015, 0.0069086, -0.0316866
0.01, -0.015, 0.00858993, -0.0319119
0.015, -0.015, 0.015, -0.0319706
0.015, -0.015, 0.0166942, -0.0318858
0.015, -0.015, 0.0183715, -0.0316323
0.015, -0.015, 0.0200151, -0.0312126
0.015, -0.015, 7.27733e-06, -0.022951
0.015, -0.015, 0.000875953, -0.024408
0.015, -0.015, 0.00188575, -0.0257711
0.015, -0.015, 0.00302658, -0.0270265
0.015, -0.015, 0.00428705, -0.0281618
0.015, -0.015, 0.00565456, -0.0291655
0.015, -0.015, 0.00711544, -0.0300278
0.015, -0.015, 0.0086551, -0.0307398
0.015, -0.015, 0.0102582, -0.0312946
0.015, -0.015, 0.0119086, -0.0316866
0.015, -0.015, 0.0135899, -0.0319119
0.02, -0.015, 0.02, -0.0319706
0.02, -0.015, 0.0216942, -0.0318858
0.02, -0.015, 0.0233715, -0.0316323
0.02, -0.015, 0.0250151, -0.0312126
0.02, -0.015, 0.0266086, -0.0306309
0.02, -0.015, 0.0281361, -0.0298931
0.02, -0.015, 0.0042884, -0.0214145
0.02, -0.015, 0.00500728, -0.022951
0.02, -0.015, 0.00587595, -0.024408
0.02, -0.015, 0.00688575, -0.0257711
0.02, -0.015, 0.00802658, -0.0270265
0.02, -0.015, 0.00928705, -0.0281618
0.02, -0.015, 0.0106546, -0.0291655
0.02, -0.015, 0.0121154, -0.0300278
0.02, -0.015, 0.0136551, -0.0307398
0.02, -0.015, 0.0152582, -0.0312946
0.02, -0.015, 0.0169086, -0.0316866
0.02, -0.015, 0.0185899, -0.0319119
0.025, -0.015, 0.025, -0.0319706
0.025, -0.015, 0.0266942, -0.0318858
0.025, -0.015, 0.0283715, -0.0316323
0.025, -0.015, 0.0300151, -0.0312126
0.025, -0.015, 0.0316086, -0.0306309
0.025, -0.015, 0.0331361, -0.0298931
0.025, -0.015, 0.0345823, -0.0290064
0.025, -0.015, 0.0092884, -0.0214145
0.025, -0.015, 0.0100073, -0.022951
0.025, -0.015, 0.010876, -0.024408
0.025, -0.015, 0.0118858, -0.0257711
0.025, -0.015, 0.0130266, -0.0270265
0.025, -0.015, 0.014287, -0.0281618
0.025, -0.015, 0.0156546, -0.0291655
0.025, -0.015, 0.0171154, -0.0300278
0.025, -0.015, 0.0186551, -0.0307398
0.025, -0.015, 0.0202582, -0.0312946
0.025, -0.015, 0.0219086, -0.0316866
0.025, -0.015, 0.0235899, -0.0319119
0.005, -0.01, -0.00434544, -0.0241655
0.005, -0.01, -0.00288456, -0.0250278
0.005, -0.01, -0.0013449, -0.0257398
0.005, -0.01, 0.000258162, -0.0262946
0.005, -0.01, 0.0019086, -0.0266866
0.005, -0.01, 0.00358993, -0.0269119
0.01, -0.01, 0.01, -0.0269706
0.01, -0.01, 0.0116942, -0.0268858
0.01, -0.01, 0.0133715, -0.0266323
0.01, -0.01, -0.00311425, -0.0207711
0.01, -0.01, -0.00197342, -0.0220265
0.01, -0.01, -0.00071295, -0.0231618
0.01, -0.01, 0.000654556, -0.0241655
0.01, -0.01, 0.00211544, -0.0250278
0.01, -0.01, 0.0036551, -0.0257398
0.01, -0.01, 0.00525816, -0.0262946
0.01, -0.01, 0.0069086, -0.0266866
0.01, -0.01, 0.00858993, -0.0269119
0.015, -0.01, 0.015, -0.0269706
0.015, -0.01, 0.0166942, -0.0268858
0.015, -0.01, 0.0183715, -0.0266323
0.015, -0.01, 0.0200151, -0.0262126
0.015, -0.01, 0.0216086, -0.0256309
0.015, -0.01, 0.000875953, -0.019408
0.015, -0.01, 0.00188575, -0.0207711
0.015, -0.01, 0.00302658, -0.0220265
0.015, -0.01, 0.00428705, -0.0231618
0.015, -0.01, 0.00565456, -0.0241655
0.015, -0.01, 0.00711544, -0.0250278
0.015, -0.01, 0.0086551, -0.0257398
0.015, -0.01, 0.0102582, -0.0262946
0.015, -0.01, 0.0119086, -0.0266866
0.015, -0.01, 0.0135899, -0.0269119
0.02, -0.01, 0.02, -0.0269706
0.02, -0.01, 0.0216942, -0.0268858
0.02, -0.01, 0.0233715, -0.0266323
0.02, -0.01, 0.0250151, -0.0262126
0.02, -0.01, 0.0266086, -0.0256309
0.02, -0.01, 0.0281361, -0.0248931
0.02, -0.01, 0.0295823, -0.0240064
0.02, -0.01, 0.00500728, -0.017951
0.02, -0.01, 0.00587595, -0.019408
0.02, -0.01, 0.00688575, -0.0207711
0.02, -0.01, 0.00802658, -0.0220265
0.02, -0.01, 0.00928705, -0.0231618
0.02, -0.01, 0.0106546, -0.0241655
0.02, -0.01, 0.0121154, -0.0250278
0.02, -0.01, 0.0136551, -0.0257398
0.02, -0.01, 0.0152582, -0.0262946
0.02, -0.01, 0.0169086, -0.0266866
0.02, -0.01, 0.0185899, -0.0269119
0.025, -0.01, 0.025, -0.0269706
0.025, -0.01, 0.0266942, -0.0268858
0.025, -0.01, 0.0283715, -0.0266323
0.025, -0.01, 0.0300151, -0.0262126
0.025, -0.01, 0.0316086, -0.0256309
0.025, -0.01, 0.0331361, -0.0248931
0.025, -0.01, 0.0345823, -0.0240064
0.025, -0.01, 0.0359327, -0.0229798
0.025, -0.01, 0.0100073, -0.017951
0.025, -0.01, 0.010876, -0.019408
0.025, -0.01, 0.0118858, -0.0207711
0.025, -0.01, 0.0130266, -0.0220265
0.025, -0.01, 0.014287, -0.0231618
0.025, -0.01, 0.0156546, -0.0241655
0.025, -0.01, 0.0171154, -0.0250278
0.025, -0.01, 0.0186551, -0.0257398
0.025, -0.01, 0.0202582, -0.0262946
0.025, -0.01, 0.0219086, -0.0266866
0.025, -0.01, 0.0235899, -0.0269119
0.01, -0.005, 0.01, -0.0219706
0.01, -0.005, 0.0116942, -0.0218858
0.01, -0.005, 0.0133715, -0.0216323
0.01, -0.005, 0.0150151, -0.0212126
0.01, -0.005, -0.00071295, -0.0181618
0.01, -0.005, 0.000654556, -0.0191655
0.01, -0.005, 0.00211544, -0.0200278
0.01, -0.005, 0.0036551, -0.0207398
0.01, -0.005, 0.00525816, -0.0212946
0.01, -0.005, 0.0069086, -0.0216866
0.01, -0.005, 0.00858993, -0.0219119
0.015, -0.005, 0.015, -0.0219706
0.015, -0.005, 0.0166942, -0.0218858
0.015, -0.005, 0.0183715, -0.0216323
0.015, -0.005, 0.0200151, -0.0212126
0.015, -0.005, 0.0216086, -0.0206309
0.015, -0.005, 0.0231361, -0.0198931
0.015, -0.005, 0.00302658, -0.0170265
0.015, -0.005, 0.00428705, -0.0181618
0.015, -0.005, 0.00565456, -0.0191655
0.015, -0.005, 0.00711544, -0.0200278
0.015, -0.005, 0.0086551, -0.0207398
0.015, -0.005, 0.0102582, -0.0212946
0.015, -0.005, 0.0119086, -0.0216866
0.015, -0.005, 0.0135899, -0.0219119
0.02, -0.005, 0.02, -0.0219706
0.02, -0.005, 0.0216942, -0.0218858
0.02, -0.005, 0.0233715, -0.0216323
0.02, -0.005, 0.0250151, -0.0212126
0.02, -0.005, 0.0266086, -0.0206309
0.02, -0.005, 0.0281361, -0.0198931
0.02, -0.005, 0.0295823, -0.0190064
0.02, -0.005, 0.00688575, -0.0157711
0.02, -0.005, 0.00802658, -0.0170265
0.02, -0.005, 0.00928705, -0.0181618
0.02, -0.005, 0.0106546, -0.0191655
0.02, -0.005, 0.0121154, -0.0200278
0.02, -0.005, 0.0136551, -0.0207398
0.02, -0.005, 0.0152582, -0.0212946
0.02, -0.005, 0.0169086, -0.0216866
0.02, -0.005, 0.0185899, -0.0219119
0.025, -0.005, 0.025, -0.0219706
0.025, -0.005, 0.0266942, -0.0218858
0.025, -0.005, 0.0283715, -0.0216323
0.025, -0.005, 0.0300151, -0.0212126
0.025, -0.005, 0.0316086, -0.0206309
0.025, -0.005, 0.0331361, -0.0198931
0.025, -0.005, 0.0345823, -0.0190064
0.025, -0.005, 0.0359327, -0.0179798
0.025, -0.005, 0.010876, -0.014408
0.025, -0.005, 0.0118858, -0.0157711
0.025, -0.005, 0.0130266, -0.0170265
0.025, -0.005, 0.014287, -0.0181618
0.025, -0.005, 0.0156546, -0.0191655
0.025, -0.005, 0.0171154, -0.0200278
0.025, -0.005, 0.0186551, -0.0207398
0.025, -0.005, 0.0202582, -0.0212946
0.025, -0.005, 0.0219086, -0.0216866
0.025, -0.005, 0.0235899, -0.0219119
0.01, 5.20417e-18, 0.01, -0.0169706
0.01, 5.20417e-18, 0.0116942, -0.0168858
0.01, 5.20417e-18, 0.0133715, -0.0166323
0.01, 5.20417e-18, 0.0150151, -0.0162126
0.01, 5.20417e-18, 0.0166086, -0.0156309
0.01, 5.20417e-18, 0.0181361, -0.0148931
0.01, 5.20417e-18, 0.00211544, -0.0150278
0.01, 5.20417e-18, 0.0036551, -0.0157398
0.01, 5.20417e-18, 0.00525816, -0.0162946
0.01, 5.20417e-18, 0.0069086, -0.0166866
0.01, 5.20417e-18, 0.00858993, -0.0169119
0.015, 5.20417e-18, 0.015, -0.0169706
0.015, 5.20417e-18, 0.0166942, -0.0168858
0.015, 5.20417e-18, 0.0183715, -0.0166323
0.015, 5.20417e-18, 0.0200151, -0.0162126
0.015, 5.20417e-18, 0.0216086, -0.0156309
0.015, 5.20417e-18, 0.0231361, -0.0148931
0.015, 5.20417e-18, 0.0245823, -0.0140064
0.015, 5.20417e-18, 0.00428705, -0.0131618
0.015, 5.20417e-18, 0.00565456, -0.0141655
0.015, 5.20417e-18, 0.00711544, -0.0150278
0.015, 5.20417e-18, 0.0086551, -0.0157398
0.015, 5.20417e-18, 0.0102582, -0.0162946
0.015, 5.20417e-18, 0.0119086, -0.0166866
0.015, 5.20417e-18, 0.0135899, -0.0169119
0.02, 5.20417e-18, 0.02, -0.0169706
0.02, 5.20417e-18, 0.0216942, -0.0168858
0.02, 5.20417e-18, 0.0233715, -0.0166323
0.02, 5.20417e-18, 0.0250151, -0.0162126
0.02, 5.20417e-18, 0.0266086, -0.0156309
0.02, 5.20417e-18, 0.0281361, -0.0148931
0.02, 5.20417e-18, 0.0295823, -0.0140064
0.02, 5.20417e-18, 0.0309327, -0.0129798
0.02, 5.20417e-18, 0.0321739, -0.0118235
0.02, 5.20417e-18, 0.00802658, -0.0120265
0.02, 5.20417e-18, 0.00928705, -0.0131618
0.02, 5.20417e-18, 0.0106546, -0.0141655
0.02, 5.20417e-18, 0.0121154, -0.0150278
0.02, 5.20417e-18, 0.0136551, -0.0157398
0.02, 5.20417e-18, 0.0152582, -0.0162946
0.02, 5.20417e-18, 0.0169086, -0.0166866
0.02, 5.20417e-18, 0.0185899, -0.0169119
0.025, 5.20417e-18, 0.025, -0.0169706
0.025, 5.20417e-18, 0.0266942, -0.0168858
0.025, 5.20417e-18, 0.0283715, -0.0166323
0.025, 5.20417e-18, 0.0300151, -0.0162126
0.025, 5.20417e-18, 0.0316086, -0.0156309
0.025, 5.20417e-18, 0.0331361, -0.0148931
0.025, 5.20417e-18, 0.0345823, -0.0140064
0.025, 5.20417e-18, 0.0359327, -0.0129798
0.025, 5.20417e-18, 0.0371739, -0.0118235
0.025, 5.20417e-18, 0.0118858, -0.0107711
0.025, 5.20417e-18, 0.0130266, -0.0120265
0.025, 5.20417e-18, 0.014287, -0.0131618
0.025, 5.20417e-18, 0.0156546, -0.0141655
0.025, 5.20417e-18, 0.0171154, -0.0150278
0.025, 5.20417e-18, 0.0186551, -0.0157398
0.025, 5.20417e-18, 0.0202582, -0.0162946
0.025, 5.20417e-18, 0.0219086, -0.0166866
0.025, 5.20417e-18, 0.0235899, -0.0169119
0.01, 0.005, 0.01, -0.0119706
0.01, 0.005, 0.0116942, -0.0118858
0.01, 0.005, 0.0133715, -0.0116323
0.01, 0.005, 0.0150151, -0.0112126
0.01, 0.005, 0.0166086, -0.0106309
0.01, 0.005, 0.0181361, -0.00989307
0.01, 0.005, 0.0195823, -0.00900641
0.01, 0.005, 0.0036551, -0.0107398
0.01, 0.005, 0.00525816, -0.0112946
0.01, 0.005, 0.0069086, -0.0116866
0.01, 0.005, 0.00858993, -0.0119119
0.015, 0.005, 0.015, -0.0119706
0.015, 0.005, 0.0166942, -0.0118858
0.015, 0.005, 0.0183715, -0.0116323
0.015, 0.005, 0.0200151, -0.0112126
0.015, 0.005, 0.0216086, -0.0106309
0.015, 0.005, 0.0231361, -0.00989307
0.015, 0.005, 0.0245823, -0.00900641
0.015, 0.005, 0.0259327, -0.0079798
0.015, 0.005, 0.0271739, -0.0068235
0.015, 0.005, 0.00565456, -0.00916555
0.015, 0.005, 0.00711544, -0.0100278
0.015, 0.005, 0.0086551, -0.0107398
0.015, 0.005, 0.0102582, -0.0112946
0.015, 0.005, 0.0119086, -0.0116866
0.015, 0.005, 0.0135899, -0.0119119
0.02, 0.005, 0.02, -0.0119706
0.02, 0.005, 0.0216942, -0.0118858
0.02, 0.005, 0.0233715, -0.0116323
0.02, 0.005, 0.0250151, -0.0112126
0.02, 0.005, 0.0266086, -0.0106309
0.02, 0.005, 0.0281361, -0.00989307
0.02, 0.005, 0.0295823, -0.00900641
0.02, 0.005, 0.0309327, -0.0079798
0.02, 0.005, 0.0321739, -0.0068235
0.02, 0.005, 0.0332935, -0.00554907
0.02, 0.005, 0.00928705, -0.00816179
0.02, 0.005, 0.0106546, -0.00916555
0.02, 0.005, 0.0121154, -0.0100278
0.02, 0.005, 0.0136551, -0.0107398
0.02, 0.005, 0.0152582, -0.0112946
0.02, 0.005, 0.0169086, -0.0116866
0.02, 0.005, 0.0185899, -0.0119119
0.025, 0.005, 0.025, -0.0119706
0.025, 0.005, 0.0266942, -0.0118858
0.025, 0.005, 0.0283715, -0.0116323
0.025, 0.005, 0.0300151, -0.0112126
0.025, 0.005, 0.0316086, -0.0106309
0.025, 0.005, 0.0331361, -0.00989307
0.025, 0.005, 0.0345823, -0.00900641
0.025, 0.005, 0.0359327, -0.0079798
0.025, 0.005, 0.0371739, -0.0068235
0.025, 0.005, 0.0382935, -0.00554907
0.025, 0.005, 0.0392802, -0.00416923
0.025, 0.005, 0.0130266, -0.00702652
0.025, 0.005, 0.014287, -0.00816179
0.025, 0.005, 0.0156546, -0.00916555
0.025, 0.005, 0.0171154, -0.0100278
0.025, 0.005, 0.0186551, -0.0107398
0.025, 0.005, 0.0202582, -0.0112946
0.025, 0.005, 0.0219086, -0.0116866
0.025, 0.005, 0.0235899, -0.0119119
0.005, 0.01, 0.00669423, -0.00688578
0.005, 0.01, 0.00837153, -0.00663228
0.005, 0.01, 0.0100151, -0.0062126
0.005, 0.01, 0.0116086, -0.00563092
0.005, 0.01, 0.0131361, -0.00489307
0.005, 0.01, 0.0145823, -0.00400641
0.01, 0.01, 0.01, -0.00697056
0.01, 0.01, 0.0116942, -0.00688578
0.01, 0.01, 0.0133715, -0.00663228
0.01, 0.01, 0.0150151, -0.0062126
0.01, 0.01, 0.0166086, -0.00563092
0.01, 0.01, 0.0181361, -0.00489307
0.01, 0.01, 0.0195823, -0.00400641
0.01, 0.01, 0.0209327, -0.0029798
0.01, 0.01, 0.0221739, -0.0018235
0.01, 0.01, 0.00525816, -0.00629463
0.01, 0.01, 0.0069086, -0.00668662
0.01, 0.01, 0.00858993, -0.00691188
0.015, 0.01, 0.015, -0.00697056
0.015, 0.01, 0.0166942, -0.00688578
0.015, 0.01, 0.0183715, -0.00663228
0.015, 0.01, 0.0200151, -0.0062126
0.015, 0.01, 0.0216086, -0.00563092
0.015, 0.01, 0.0231361, -0.00489307
0.015, 0.01, 0.0245823, -0.00400641
0.015, 0.01, 0.0259327, -0.0029798
0.015, 0.01, 0.0271739, -0.0018235
0.015, 0.01, 0.0282935, -0.000549071
0.015, 0.01, 0.00711544, -0.00502776
0.015, 0.01, 0.0086551, -0.00573983
0.015, 0.01, 0.0102582, -0.00629463
0.015, 0.01, 0.0119086, -0.00668662
0.015, 0.01, 0.0135899, -0.00691188
0.02, 0.01, 0.02, -0.00697056
0.02, 0.01, 0.0216942, -0.00688578
0.02, 0.01, 0.0233715, -0.00663228
0.02, 0.01, 0.0250151, -0.0062126
0.02, 0.01, 0.0266086, -0.00563092
0.02, 0.01, 0.0281361, -0.00489307
0.02, 0.01, 0.0295823, -0.00400641
0.02, 0.01, 0.0309327, -0.0029798
0.02, 0.01, 0.0321739, -0.0018235
0.02, 0.01, 0.0332935, -0.000549071
0.02, 0.01, 0.0342802, 0.000830766
0.02, 0.01, 0.0106546, -0.00416555
0.02, 0.01, 0.0121154, -0.00502776
0.02, 0.01, 0.0136551, -0.00573983
0.02, 0.01, 0.0152582, -0.00629463
0.02, 0.01, 0.0169086, -0.00668662
0.02, 0.01, 0.0185899, -0.00691188
0.025, 0.01, 0.025, -0.00697056
0.025, 0.01, 0.0266942, -0.00688578
0.025, 0.01, 0.0283715, -0.00663228
0.025, 0.01, 0.0300151, -0.0062126
0.025, 0.01, 0.0316086, -0.00563092
0.025, 0.01, 0.0331361, -0.00489307
0.025, 0.01, 0.0345823, -0.00400641
0.025, 0.01, 0.0359327, -0.0029798
0.025, 0.01, 0.0371739, -0.0018235
0.025, 0.01, 0.0382935, -0.000549071
0.025, 0.01, 0.0392802, 0.000830766
0.025, 0.01, 0.0401243, 0.00230222
0.025, 0.01, 0.014287, -0.00316179
0.025, 0.01, 0.0156546, -0.00416555
0.025, 0.01, 0.0171154, -0.00502776
0.025, 0.01, 0.0186551, -0.00573983
0.025, 0.01, 0.0202582, -0.00629463
0.025, 0.01, 0.0219086, -0.00668662
0.025, 0.01, 0.0235899, -0.00691188
0.005, 0.015, 0.00669423, -0.00188578
0.005, 0.015, 0.00837153, -0.00163228
0.005, 0.015, 0.0100151, -0.0012126
0.005, 0.015, 0.0116086, -0.000630923
0.005, 0.015, 0.0131361, 0.00010693
0.005, 0.015, 0.0145823, 0.00099359
0.005, 0.015, 0.0159327, 0.0020202
0.005, 0.015, 0.0171739, 0.0031765
0.005, 0.015, 0.0182935, 0.00445093
0.01, 0.015, 0.01, -0.00197056
0.01, 0.015, 0.0116942, -0.00188578
0.01, 0.015, 0.0133715, -0.00163228
0.01, 0.015, 0.0150151, -0.0012126
0.01, 0.015, 0.0166086, -0.000630923
0.01, 0.015, 0.0181361, 0.00010693
0.01, 0.015, 0.0195823, 0.00099359
0.01, 0.015, 0.0209327, 0.0020202
0.01, 0.015, 0.0221739, 0.0031765
0.01, 0.015, 0.0232935, 0.00445093
0.01, 0.015, 0.0242802, 0.00583077
0.01, 0.015, 0.0069086, -0.00168662
0.01, 0.015, 0.00858993, -0.00191188
0.015, 0.015, 0.015, -0.00197056
0.015, 0.015, 0.0166942, -0.00188578
0.015, 0.015, 0.0183715, -0.00163228
0.015, 0.015, 0.0200151, -0.0012126
0.015, 0.015, 0.0216086, -0.000630923
0.015, 0.015, 0.0231361, 0.00010693
0.015, 0.015, 0.0245823, 0.00099359
0.015, 0.015, 0.0259327, 0.0020202
0.015, 0.015, 0.0271739, 0.0031765
0.015, 0.015, 0.0282935, 0.00445093
0.015, 0.015, 0.0292802, 0.00583077
0.015, 0.015, 0.0301243, 0.00730222
0.015, 0.015, 0.0086551, -0.000739831
0.015, 0.015, 0.0102582, -0.00129463
0.015, 0.015, 0.0119086, -0.00168662
0.015, 0.015, 0.0135899, -0.00191188
0.02, 0.015, 0.02, -0.00197056
0.02, 0.015, 0.0216942, -0.00188578
0.02, 0.015, 0.0233715, -0.00163228
0.02, 0.015, 0.0250151, -0.0012126
0.02, 0.015, 0.0266086, -0.000630923
0.02, 0.015, 0.0281361, 0.00010693
0.02, 0.015, 0.0295823, 0.00099359
0.02, 0.015, 0.0309327, 0.0020202
0.02, 0.015, 0.0321739, 0.0031765
0.02, 0.015, 0.0332935, 0.00445093
0.02, 0.015, 0.0342802, 0.00583077
0.02, 0.015, 0.0351243, 0.00730222
0.02, 0.015, 0.0121154, -2.77645e-05
0.02, 0.015, 0.0136551, -0.000739831
0.02, 0.015, 0.0152582, -0.00129463
0.02, 0.015, 0.0169086, -0.00168662
0.02, 0.015, 0.0185899, -0.00191188
0.025, 0.015, 0.025, -0.00197056
0.025, 0.015, 0.0266942, -0.00188578
0.025, 0.015, 0.0283715, -0.00163228
0.025, 0.015, 0.0300151, -0.0012126
0.025, 0.015, 0.0316086, -0.000630923
0.025, 0.015, 0.0331361, 0.00010693
0.025, 0.015, 0.0345823, 0.00099359
0.025, 0.015, 0.0359327, 0.0020202
0.025, 0.015, 0.0371739, 0.0031765
0.025, 0.015, 0.0382935, 0.00445093
0.025, 0.015, 0.0392802, 0.00583077
0.025, 0.015, 0.0401243, 0.00730222
0.025, 0.015, 0.0408172, 0.00885058
0.025, 0.015, 0.0156546, 0.000834454
0.025, 0.015, 0.0171154, -2.77645e-05
0.025, 0.015, 0.0186551, -0.000739831
0.025, 0.015, 0.0202582, -0.00129463
0.025, 0.015, 0.0219086, -0.00168662
0.025, 0.015, 0.0235899, -0.00191188
5.20417e-18, 0.02, 0.00660865, 0.00436908
5.20417e-18, 0.02, 0.00813612, 0.00510693
5.20417e-18, 0.02, 0.0095823, 0.00599359
5.20417e-18, 0.02, 0.0109327, 0.0070202
5.20417e-18, 0.02, 0.0121739, 0.0081765
5.20417e-18, 0.02, 0.0132935, 0.00945093
5.20417e-18, 0.02, 0.0142802, 0.0108308
0.005, 0.02, 0.00669423, 0.00311422
0.005, 0.02, 0.00837153, 0.00336772
0.005, 0.02, 0.0100151, 0.0037874
0.005, 0.02, 0.0116086, 0.00436908
0.005, 0.02, 0.0131361, 0.00510693
0.005, 0.02, 0.0145823, 0.00599359
0.005, 0.02, 0.0159327, 0.0070202
0.005, 0.02, 0.0171739, 0.0081765
0.005, 0.02, 0.0182935, 0.00945093
0.005, 0.02, 0.0192802, 0.0108308
0.005, 0.02, 0.0201243, 0.0123022
0.01, 0.02, 0.01, 0.00302944
0.01, 0.02, 0.0116942, 0.00311422
0.01, 0.02, 0.0133715, 0.00336772
0.01, 0.02, 0.0150151, 0.0037874
0.01, 0.02, 0.0166086, 0.00436908
0.01, 0.02, 0.0181361, 0.00510693
0.01, 0.02, 0.0195823, 0.00599359
0.01, 0.02, 0.0209327, 0.0070202
0.01, 0.02, 0.0221739, 0.0081765
0.01, 0.02, 0.0232935, 0.00945093
0.01, 0.02, 0.0242802, 0.0108308
0.01, 0.02, 0.0251243, 0.0123022
0.01, 0.02, 0.0258172, 0.0138506
0.01, 0.02, 0.0069086, 0.00331338
0.01, 0.02, 0.00858993, 0.00308812
0.015, 0.02, 0.015, 0.00302944
0.015, 0.02, 0.0166942, 0.00311422
0.015, 0.02, 0.0183715, 0.00336772
0.015, 0.02, 0.0200151, 0.0037874
0.015, 0.02, 0.0216086, 0.00436908
0.015, 0.02, 0.0231361, 0.00510693
0.015, 0.02, 0.0245823, 0.00599359
0.015, 0.02, 0.0259327, 0.0070202
0.015, 0.02, 0.0271739, 0.0081765
0.015, 0.02, 0.0282935, 0.00945093
0.015, 0.02, 0.0292802, 0.0108308
0.015, 0.02, 0.0301243, 0.0123022
0.015, 0.02, 0.0308172, 0.0138506
0.015, 0.02, 0.0102582, 0.00370537
0.015, 0.02, 0.0119086, 0.00331338
0.015, 0.02, 0.0135899, 0.00308812
0.02, 0.02, 0.02, 0.00302944
0.02, 0.02, 0.0216942, 0.00311422
0.02, 0.02, 0.0233715, 0.00336772
0.02, 0.02, 0.0250151, 0.0037874
0.02, 0.02, 0.0266086, 0.00436908
0.02, 0.02, 0.0281361, 0.00510693
0.02, 0.02, 0.0295823, 0.00599359
0.02, 0.02, 0.0309327, 0.0070202
0.02, 0.02, 0.0321739, 0.0081765
0.02, 0.02, 0.0332935, 0.00945093
0.02, 0.02, 0.0342802, 0.0108308
0.02, 0.02, 0.0351243, 0.0123022
0.02, 0.02, 0.0358172, 0.0138506
0.02, 0.02, 0.0363521, 0.0154604
0.02, 0.02, 0.0136551, 0.00426017
0.02, 0.02, 0.0152582, 0.00370537
0.02, 0.02, 0.0169086, 0.00331338
0.02, 0.02, 0.0185899, 0.00308812
0.025, 0.02, 0.025, 0.00302944
0.025, 0.02, 0.0266942, 0.00311422
0.025, 0.02, 0.0283715, 0.00336772
0.025, 0.02, 0.0300151, 0.0037874
0.025, 0.02, 0.0316086, 0.00436908
0.025, 0.02, 0.0331361, 0.00510693
0.025, 0.02, 0.0345823, 0.00599359
0.025, 0.02, 0.0359327, 0.0070202
0.025, 0.02, 0.0371739, 0.0081765
0.025, 0.02, 0.0382935, 0.00945093
0.025, 0.02, 0.0392802, 0.0108308
0.025, 0.02, 0.0401243, 0.0123022
0.025, 0.02, 0.0408172, 0.0138506
0.025, 0.02, 0.0413521, 0.0154604
0.025, 0.02, 0.0171154, 0.00497224
0.025, 0.02, 0.0186551, 0.00426017
0.025, 0.02, 0.0202582, 0.00370537
0.025, 0.02, 0.0219086, 0.00331338
0.025, 0.02, 0.0235899, 0.00308812
-0.005, 0.025, 0.0045823, 0.0109936
-0.005, 0.025, 0.00593274, 0.0120202
-0.005, 0.025, 0.00717394, 0.0131765
-0.005, 0.025, 0.0082935, 0.0144509
-0.005, 0.025, 0.00928024, 0.0158308
-0.005, 0.025, 0.0101243, 0.0173022
-0.005, 0.025, 0.0108172, 0.0188506
5.20417e-18, 0.025, 0.00501514, 0.0087874
5.20417e-18, 0.025, 0.00660865, 0.00936908
5.20417e-18, 0.025, 0.00813612, 0.0101069
5.20417e-18, 0.025, 0.0095823, 0.0109936
5.20417e-18, 0.025, 0.0109327, 0.0120202
5.20417e-18, 0.025, 0.0121739, 0.0131765
5.20417e-18, 0.025, 0.0132935, 0.0144509
5.20417e-18, 0.025, 0.0142802, 0.0158308
5.20417e-18, 0.025, 0.0151243, 0.0173022
5.20417e-18, 0.025, 0.0158172, 0.0188506
0.005, 0.025, 0.00669423, 0.00811422
0.005, 0.025, 0.00837153, 0.00836772
0.005, 0.025, 0.0100151, 0.0087874
0.005, 0.025, 0.0116086, 0.00936908
0.005, 0.025, 0.0131361, 0.0101069
0.005, 0.025, 0.0145823, 0.0109936
0.005, 0.025, 0.0159327, 0.0120202
0.005, 0.025, 0.0171739, 0.0131765
0.005, 0.025, 0.0182935, 0.0144509
0.005, 0.025, 0.0192802, 0.0158308
0.005, 0.025, 0.0201243, 0.0173022
0.005, 0.025, 0.0208172, 0.0188506
0.01, 0.025, 0.01, 0.00802944
0.01, 0.025, 0.0116942, 0.00811422
0.01, 0.025, 0.0133715, 0.00836772
0.01, 0.025, 0.0150151, 0.0087874
0.01, 0.025, 0.0166086, 0.00936908
0.01, 0.025, 0.0181361, 0.0101069
0.01, 0.025, 0.0195823, 0.0109936
0.01, 0.025, 0.0209327, 0.0120202
0.01, 0.025, 0.0221739, 0.0131765
0.01, 0.025, 0.0232935, 0.0144509
0.01, 0.025, 0.0242802, 0.0158308
0.01, 0.025, 0.0251243, 0.0173022
0.01, 0.025, 0.0258172, 0.0188506
0.01, 0.025, 0.00858993, 0.00808812
0.015, 0.025, 0.015, 0.00802944
0.015, 0.025, 0.0166942, 0.00811422
0.015, 0.025, 0.0183715, 0.00836772
0.015, 0.025, 0.0200151, 0.0087874
0.015, 0.025, 0.0216086, 0.00936908
0.015, 0.025, 0.0231361, 0.0101069
0.015, 0.025, 0.0245823, 0.0109936
0.015, 0.025, 0.0259327, 0.0120202
0.015, 0.025, 0.0271739, 0.0131765
0.015, 0.025, 0.0282935, 0.0144509
0.015, 0.025, 0.0292802, 0.0158308
0.015, 0.025, 0.0301243, 0.0173022
0.015, 0.025, 0.0308172, 0.0188506
0.015, 0.025, 0.0102582, 0.00870537
0.015, 0.025, 0.0119086, 0.00831338
0.015, 0.025, 0.0135899, 0.00808812
0.02, 0.025, 0.02, 0.00802944
0.02, 0.025, 0.0216942, 0.00811422
0.02, 0.025, 0.0233715, 0.00836772
0.02, 0.025, 0.0250151, 0.0087874
0.02, 0.025, 0.0266086, 0.00936908
0.02, 0.025, 0.0281361, 0.0101069
0.02, 0.025, 0.0295823, 0.0109936
0.02, 0.025, 0.0309327, 0.0120202
0.02, 0.025, 0.0321739, 0.0131765
0.02, 0.025, 0.0332935, 0.0144509
0.02, 0.025, 0.0342802, 0.0158308
0.02, 0.025, 0.0351243, 0.0173022
0.02, 0.025, 0.0358172, 0.0188506
0.02, 0.025, 0.0136551, 0.00926017
0.02, 0.025, 0.0152582, 0.00870537
0.02, 0.025, 0.0169086, 0.00831338
0.02, 0.025, 0.0185899, 0.00808812
0.025, 0.025, 0.025, 0.00802944
0.025, 0.025, 0.0266942, 0.00811422
0.025, 0.025, 0.0283715, 0.00836772
0.025, 0.025, 0.0300151, 0.0087874
0.025, 0.025, 0.0316086, 0.00936908
0.025, 0.025, 0.0331361, 0.0101069
0.025, 0.025, 0.0345823, 0.0109936
0.025, 0.025, 0.0359327, 0.0120202
0.025, 0.025, 0.0371739, 0.0131765
0.025, 0.025, 0.0382935, 0.0144509
0.025, 0.025, 0.0392802, 0.0158308
0.025, 0.025, 0.0401243, 0.0173022
0.025, 0.025, 0.0408172, 0.0188506
0.025, 0.025, 0.0171154, 0.00997224
0.025, 0.025, 0.0186551, 0.00926017
0.025, 0.025, 0.0202582, 0.00870537
0.025, 0.025, 0.0219086, 0.00831338
0.025, 0.025, 0.0235899, 0.00808812
